-0 , 10 , -1.49012e-008 | 0 , 9 , 0.1 | 0.0587785 , 9 , 0.0809017
-0 , 10 , -1.49012e-008 | 0.0587785 , 9 , 0.0809017 | -8.75868e-009 , 10 , -1.20553e-008
-8.75868e-009 , 10 , -1.20553e-008 | 0.0587785 , 9 , 0.0809017 | 0.0951056 , 9 , 0.0309017
-8.75868e-009 , 10 , -1.20553e-008 | 0.0951056 , 9 , 0.0309017 | -1.41718e-008 , 10 , -4.60471e-009
-1.41718e-008 , 10 , -4.60471e-009 | 0.0951056 , 9 , 0.0309017 | 0.0951056 , 9 , -0.0309017
-1.41718e-008 , 10 , -4.60471e-009 | 0.0951056 , 9 , -0.0309017 | -1.41718e-008 , 10 , 4.60471e-009
-1.41718e-008 , 10 , 4.60471e-009 | 0.0951056 , 9 , -0.0309017 | 0.0587785 , 9 , -0.0809017
-1.41718e-008 , 10 , 4.60471e-009 | 0.0587785 , 9 , -0.0809017 | -8.75868e-009 , 10 , 1.20553e-008
-8.75868e-009 , 10 , 1.20553e-008 | 0.0587785 , 9 , -0.0809017 | -8.74228e-009 , 9 , -0.1
-8.75868e-009 , 10 , 1.20553e-008 | -8.74228e-009 , 9 , -0.1 | 1.3027e-015 , 10 , 1.49012e-008
1.3027e-015 , 10 , 1.49012e-008 | -8.74228e-009 , 9 , -0.1 | -0.0587785 , 9 , -0.0809017
1.3027e-015 , 10 , 1.49012e-008 | -0.0587785 , 9 , -0.0809017 | 8.75868e-009 , 10 , 1.20553e-008
8.75868e-009 , 10 , 1.20553e-008 | -0.0587785 , 9 , -0.0809017 | -0.0951056 , 9 , -0.0309017
8.75868e-009 , 10 , 1.20553e-008 | -0.0951056 , 9 , -0.0309017 | 1.41718e-008 , 10 , 4.60471e-009
1.41718e-008 , 10 , 4.60471e-009 | -0.0951056 , 9 , -0.0309017 | -0.0951056 , 9 , 0.0309017
1.41718e-008 , 10 , 4.60471e-009 | -0.0951056 , 9 , 0.0309017 | 1.41718e-008 , 10 , -4.60471e-009
1.41718e-008 , 10 , -4.60471e-009 | -0.0951056 , 9 , 0.0309017 | -0.0587785 , 9 , 0.0809017
1.41718e-008 , 10 , -4.60471e-009 | -0.0587785 , 9 , 0.0809017 | 8.75868e-009 , 10 , -1.20553e-008
8.75868e-009 , 10 , -1.20553e-008 | -0.0587785 , 9 , 0.0809017 | 1.74846e-008 , 9 , 0.1
8.75868e-009 , 10 , -1.20553e-008 | 1.74846e-008 , 9 , 0.1 | -2.6054e-015 , 10 , -1.49012e-008
0 , 9 , 0.1 | 0 , 8 , 0.2 | 0.117557 , 8 , 0.161803
0 , 9 , 0.1 | 0.117557 , 8 , 0.161803 | 0.0587785 , 9 , 0.0809017
0.0587785 , 9 , 0.0809017 | 0.117557 , 8 , 0.161803 | 0.190211 , 8 , 0.0618034
0.0587785 , 9 , 0.0809017 | 0.190211 , 8 , 0.0618034 | 0.0951056 , 9 , 0.0309017
0.0951056 , 9 , 0.0309017 | 0.190211 , 8 , 0.0618034 | 0.190211 , 8 , -0.0618034
0.0951056 , 9 , 0.0309017 | 0.190211 , 8 , -0.0618034 | 0.0951056 , 9 , -0.0309017
0.0951056 , 9 , -0.0309017 | 0.190211 , 8 , -0.0618034 | 0.117557 , 8 , -0.161803
0.0951056 , 9 , -0.0309017 | 0.117557 , 8 , -0.161803 | 0.0587785 , 9 , -0.0809017
0.0587785 , 9 , -0.0809017 | 0.117557 , 8 , -0.161803 | -1.74846e-008 , 8 , -0.2
0.0587785 , 9 , -0.0809017 | -1.74846e-008 , 8 , -0.2 | -8.74228e-009 , 9 , -0.1
-8.74228e-009 , 9 , -0.1 | -1.74846e-008 , 8 , -0.2 | -0.117557 , 8 , -0.161803
-8.74228e-009 , 9 , -0.1 | -0.117557 , 8 , -0.161803 | -0.0587785 , 9 , -0.0809017
-0.0587785 , 9 , -0.0809017 | -0.117557 , 8 , -0.161803 | -0.190211 , 8 , -0.0618034
-0.0587785 , 9 , -0.0809017 | -0.190211 , 8 , -0.0618034 | -0.0951056 , 9 , -0.0309017
-0.0951056 , 9 , -0.0309017 | -0.190211 , 8 , -0.0618034 | -0.190211 , 8 , 0.0618034
-0.0951056 , 9 , -0.0309017 | -0.190211 , 8 , 0.0618034 | -0.0951056 , 9 , 0.0309017
-0.0951056 , 9 , 0.0309017 | -0.190211 , 8 , 0.0618034 | -0.117557 , 8 , 0.161803
-0.0951056 , 9 , 0.0309017 | -0.117557 , 8 , 0.161803 | -0.0587785 , 9 , 0.0809017
-0.0587785 , 9 , 0.0809017 | -0.117557 , 8 , 0.161803 | 3.49691e-008 , 8 , 0.2
-0.0587785 , 9 , 0.0809017 | 3.49691e-008 , 8 , 0.2 | 1.74846e-008 , 9 , 0.1
0 , 8 , 0.2 | 0 , 7 , 0.3 | 0.176336 , 7 , 0.242705
0 , 8 , 0.2 | 0.176336 , 7 , 0.242705 | 0.117557 , 8 , 0.161803
0.117557 , 8 , 0.161803 | 0.176336 , 7 , 0.242705 | 0.285317 , 7 , 0.0927051
0.117557 , 8 , 0.161803 | 0.285317 , 7 , 0.0927051 | 0.190211 , 8 , 0.0618034
0.190211 , 8 , 0.0618034 | 0.285317 , 7 , 0.0927051 | 0.285317 , 7 , -0.0927051
0.190211 , 8 , 0.0618034 | 0.285317 , 7 , -0.0927051 | 0.190211 , 8 , -0.0618034
0.190211 , 8 , -0.0618034 | 0.285317 , 7 , -0.0927051 | 0.176336 , 7 , -0.242705
0.190211 , 8 , -0.0618034 | 0.176336 , 7 , -0.242705 | 0.117557 , 8 , -0.161803
0.117557 , 8 , -0.161803 | 0.176336 , 7 , -0.242705 | -2.62268e-008 , 7 , -0.3
0.117557 , 8 , -0.161803 | -2.62268e-008 , 7 , -0.3 | -1.74846e-008 , 8 , -0.2
-1.74846e-008 , 8 , -0.2 | -2.62268e-008 , 7 , -0.3 | -0.176336 , 7 , -0.242705
-1.74846e-008 , 8 , -0.2 | -0.176336 , 7 , -0.242705 | -0.117557 , 8 , -0.161803
-0.117557 , 8 , -0.161803 | -0.176336 , 7 , -0.242705 | -0.285317 , 7 , -0.0927051
-0.117557 , 8 , -0.161803 | -0.285317 , 7 , -0.0927051 | -0.190211 , 8 , -0.0618034
-0.190211 , 8 , -0.0618034 | -0.285317 , 7 , -0.0927051 | -0.285317 , 7 , 0.0927051
-0.190211 , 8 , -0.0618034 | -0.285317 , 7 , 0.0927051 | -0.190211 , 8 , 0.0618034
-0.190211 , 8 , 0.0618034 | -0.285317 , 7 , 0.0927051 | -0.176335 , 7 , 0.242705
-0.190211 , 8 , 0.0618034 | -0.176335 , 7 , 0.242705 | -0.117557 , 8 , 0.161803
-0.117557 , 8 , 0.161803 | -0.176335 , 7 , 0.242705 | 5.24537e-008 , 7 , 0.3
-0.117557 , 8 , 0.161803 | 5.24537e-008 , 7 , 0.3 | 3.49691e-008 , 8 , 0.2
0 , 7 , 0.3 | 0 , 6 , 0.4 | 0.235114 , 6 , 0.323607
0 , 7 , 0.3 | 0.235114 , 6 , 0.323607 | 0.176336 , 7 , 0.242705
0.176336 , 7 , 0.242705 | 0.235114 , 6 , 0.323607 | 0.380423 , 6 , 0.123607
0.176336 , 7 , 0.242705 | 0.380423 , 6 , 0.123607 | 0.285317 , 7 , 0.0927051
0.285317 , 7 , 0.0927051 | 0.380423 , 6 , 0.123607 | 0.380423 , 6 , -0.123607
0.285317 , 7 , 0.0927051 | 0.380423 , 6 , -0.123607 | 0.285317 , 7 , -0.0927051
0.285317 , 7 , -0.0927051 | 0.380423 , 6 , -0.123607 | 0.235114 , 6 , -0.323607
0.285317 , 7 , -0.0927051 | 0.235114 , 6 , -0.323607 | 0.176336 , 7 , -0.242705
0.176336 , 7 , -0.242705 | 0.235114 , 6 , -0.323607 | -3.49691e-008 , 6 , -0.4
0.176336 , 7 , -0.242705 | -3.49691e-008 , 6 , -0.4 | -2.62268e-008 , 7 , -0.3
-2.62268e-008 , 7 , -0.3 | -3.49691e-008 , 6 , -0.4 | -0.235114 , 6 , -0.323607
-2.62268e-008 , 7 , -0.3 | -0.235114 , 6 , -0.323607 | -0.176336 , 7 , -0.242705
-0.176336 , 7 , -0.242705 | -0.235114 , 6 , -0.323607 | -0.380423 , 6 , -0.123607
-0.176336 , 7 , -0.242705 | -0.380423 , 6 , -0.123607 | -0.285317 , 7 , -0.0927051
-0.285317 , 7 , -0.0927051 | -0.380423 , 6 , -0.123607 | -0.380423 , 6 , 0.123607
-0.285317 , 7 , -0.0927051 | -0.380423 , 6 , 0.123607 | -0.285317 , 7 , 0.0927051
-0.285317 , 7 , 0.0927051 | -0.380423 , 6 , 0.123607 | -0.235114 , 6 , 0.323607
-0.285317 , 7 , 0.0927051 | -0.235114 , 6 , 0.323607 | -0.176335 , 7 , 0.242705
-0.176335 , 7 , 0.242705 | -0.235114 , 6 , 0.323607 | 6.99382e-008 , 6 , 0.4
-0.176335 , 7 , 0.242705 | 6.99382e-008 , 6 , 0.4 | 5.24537e-008 , 7 , 0.3
0 , 6 , 0.4 | 0 , 5 , 0.5 | 0.293893 , 5 , 0.404509
0 , 6 , 0.4 | 0.293893 , 5 , 0.404509 | 0.235114 , 6 , 0.323607
0.235114 , 6 , 0.323607 | 0.293893 , 5 , 0.404509 | 0.475528 , 5 , 0.154508
0.235114 , 6 , 0.323607 | 0.475528 , 5 , 0.154508 | 0.380423 , 6 , 0.123607
0.380423 , 6 , 0.123607 | 0.475528 , 5 , 0.154508 | 0.475528 , 5 , -0.154509
0.380423 , 6 , 0.123607 | 0.475528 , 5 , -0.154509 | 0.380423 , 6 , -0.123607
0.380423 , 6 , -0.123607 | 0.475528 , 5 , -0.154509 | 0.293893 , 5 , -0.404509
0.380423 , 6 , -0.123607 | 0.293893 , 5 , -0.404509 | 0.235114 , 6 , -0.323607
0.235114 , 6 , -0.323607 | 0.293893 , 5 , -0.404509 | -4.37114e-008 , 5 , -0.5
0.235114 , 6 , -0.323607 | -4.37114e-008 , 5 , -0.5 | -3.49691e-008 , 6 , -0.4
-3.49691e-008 , 6 , -0.4 | -4.37114e-008 , 5 , -0.5 | -0.293893 , 5 , -0.404508
-3.49691e-008 , 6 , -0.4 | -0.293893 , 5 , -0.404508 | -0.235114 , 6 , -0.323607
-0.235114 , 6 , -0.323607 | -0.293893 , 5 , -0.404508 | -0.475528 , 5 , -0.154509
-0.235114 , 6 , -0.323607 | -0.475528 , 5 , -0.154509 | -0.380423 , 6 , -0.123607
-0.380423 , 6 , -0.123607 | -0.475528 , 5 , -0.154509 | -0.475528 , 5 , 0.154509
-0.380423 , 6 , -0.123607 | -0.475528 , 5 , 0.154509 | -0.380423 , 6 , 0.123607
-0.380423 , 6 , 0.123607 | -0.475528 , 5 , 0.154509 | -0.293892 , 5 , 0.404509
-0.380423 , 6 , 0.123607 | -0.293892 , 5 , 0.404509 | -0.235114 , 6 , 0.323607
-0.235114 , 6 , 0.323607 | -0.293892 , 5 , 0.404509 | 8.74228e-008 , 5 , 0.5
-0.235114 , 6 , 0.323607 | 8.74228e-008 , 5 , 0.5 | 6.99382e-008 , 6 , 0.4
0 , 5 , 0.5 | 0 , 4 , 0.6 | 0.352671 , 4 , 0.48541
0 , 5 , 0.5 | 0.352671 , 4 , 0.48541 | 0.293893 , 5 , 0.404509
0.293893 , 5 , 0.404509 | 0.352671 , 4 , 0.48541 | 0.570634 , 4 , 0.18541
0.293893 , 5 , 0.404509 | 0.570634 , 4 , 0.18541 | 0.475528 , 5 , 0.154508
0.475528 , 5 , 0.154508 | 0.570634 , 4 , 0.18541 | 0.570634 , 4 , -0.18541
0.475528 , 5 , 0.154508 | 0.570634 , 4 , -0.18541 | 0.475528 , 5 , -0.154509
0.475528 , 5 , -0.154509 | 0.570634 , 4 , -0.18541 | 0.352671 , 4 , -0.48541
0.475528 , 5 , -0.154509 | 0.352671 , 4 , -0.48541 | 0.293893 , 5 , -0.404509
0.293893 , 5 , -0.404509 | 0.352671 , 4 , -0.48541 | -5.24537e-008 , 4 , -0.6
0.293893 , 5 , -0.404509 | -5.24537e-008 , 4 , -0.6 | -4.37114e-008 , 5 , -0.5
-4.37114e-008 , 5 , -0.5 | -5.24537e-008 , 4 , -0.6 | -0.352671 , 4 , -0.48541
-4.37114e-008 , 5 , -0.5 | -0.352671 , 4 , -0.48541 | -0.293893 , 5 , -0.404508
-0.293893 , 5 , -0.404508 | -0.352671 , 4 , -0.48541 | -0.570634 , 4 , -0.18541
-0.293893 , 5 , -0.404508 | -0.570634 , 4 , -0.18541 | -0.475528 , 5 , -0.154509
-0.475528 , 5 , -0.154509 | -0.570634 , 4 , -0.18541 | -0.570634 , 4 , 0.18541
-0.475528 , 5 , -0.154509 | -0.570634 , 4 , 0.18541 | -0.475528 , 5 , 0.154509
-0.475528 , 5 , 0.154509 | -0.570634 , 4 , 0.18541 | -0.352671 , 4 , 0.48541
-0.475528 , 5 , 0.154509 | -0.352671 , 4 , 0.48541 | -0.293892 , 5 , 0.404509
-0.293892 , 5 , 0.404509 | -0.352671 , 4 , 0.48541 | 1.04907e-007 , 4 , 0.6
-0.293892 , 5 , 0.404509 | 1.04907e-007 , 4 , 0.6 | 8.74228e-008 , 5 , 0.5
0 , 4 , 0.6 | 0 , 3 , 0.7 | 0.41145 , 3 , 0.566312
0 , 4 , 0.6 | 0.41145 , 3 , 0.566312 | 0.352671 , 4 , 0.48541
0.352671 , 4 , 0.48541 | 0.41145 , 3 , 0.566312 | 0.66574 , 3 , 0.216312
0.352671 , 4 , 0.48541 | 0.66574 , 3 , 0.216312 | 0.570634 , 4 , 0.18541
0.570634 , 4 , 0.18541 | 0.66574 , 3 , 0.216312 | 0.66574 , 3 , -0.216312
0.570634 , 4 , 0.18541 | 0.66574 , 3 , -0.216312 | 0.570634 , 4 , -0.18541
0.570634 , 4 , -0.18541 | 0.66574 , 3 , -0.216312 | 0.41145 , 3 , -0.566312
0.570634 , 4 , -0.18541 | 0.41145 , 3 , -0.566312 | 0.352671 , 4 , -0.48541
0.352671 , 4 , -0.48541 | 0.41145 , 3 , -0.566312 | -6.11959e-008 , 3 , -0.7
0.352671 , 4 , -0.48541 | -6.11959e-008 , 3 , -0.7 | -5.24537e-008 , 4 , -0.6
-5.24537e-008 , 4 , -0.6 | -6.11959e-008 , 3 , -0.7 | -0.41145 , 3 , -0.566312
-5.24537e-008 , 4 , -0.6 | -0.41145 , 3 , -0.566312 | -0.352671 , 4 , -0.48541
-0.352671 , 4 , -0.48541 | -0.41145 , 3 , -0.566312 | -0.66574 , 3 , -0.216312
-0.352671 , 4 , -0.48541 | -0.66574 , 3 , -0.216312 | -0.570634 , 4 , -0.18541
-0.570634 , 4 , -0.18541 | -0.66574 , 3 , -0.216312 | -0.66574 , 3 , 0.216312
-0.570634 , 4 , -0.18541 | -0.66574 , 3 , 0.216312 | -0.570634 , 4 , 0.18541
-0.570634 , 4 , 0.18541 | -0.66574 , 3 , 0.216312 | -0.411449 , 3 , 0.566312
-0.570634 , 4 , 0.18541 | -0.411449 , 3 , 0.566312 | -0.352671 , 4 , 0.48541
-0.352671 , 4 , 0.48541 | -0.411449 , 3 , 0.566312 | 1.22392e-007 , 3 , 0.7
-0.352671 , 4 , 0.48541 | 1.22392e-007 , 3 , 0.7 | 1.04907e-007 , 4 , 0.6
0 , 3 , 0.7 | 0 , 2 , 0.8 | 0.470228 , 2 , 0.647214
0 , 3 , 0.7 | 0.470228 , 2 , 0.647214 | 0.41145 , 3 , 0.566312
0.41145 , 3 , 0.566312 | 0.470228 , 2 , 0.647214 | 0.760845 , 2 , 0.247214
0.41145 , 3 , 0.566312 | 0.760845 , 2 , 0.247214 | 0.66574 , 3 , 0.216312
0.66574 , 3 , 0.216312 | 0.760845 , 2 , 0.247214 | 0.760845 , 2 , -0.247214
0.66574 , 3 , 0.216312 | 0.760845 , 2 , -0.247214 | 0.66574 , 3 , -0.216312
0.66574 , 3 , -0.216312 | 0.760845 , 2 , -0.247214 | 0.470228 , 2 , -0.647214
0.66574 , 3 , -0.216312 | 0.470228 , 2 , -0.647214 | 0.41145 , 3 , -0.566312
0.41145 , 3 , -0.566312 | 0.470228 , 2 , -0.647214 | -6.99382e-008 , 2 , -0.8
0.41145 , 3 , -0.566312 | -6.99382e-008 , 2 , -0.8 | -6.11959e-008 , 3 , -0.7
-6.11959e-008 , 3 , -0.7 | -6.99382e-008 , 2 , -0.8 | -0.470228 , 2 , -0.647214
-6.11959e-008 , 3 , -0.7 | -0.470228 , 2 , -0.647214 | -0.41145 , 3 , -0.566312
-0.41145 , 3 , -0.566312 | -0.470228 , 2 , -0.647214 | -0.760845 , 2 , -0.247214
-0.41145 , 3 , -0.566312 | -0.760845 , 2 , -0.247214 | -0.66574 , 3 , -0.216312
-0.66574 , 3 , -0.216312 | -0.760845 , 2 , -0.247214 | -0.760845 , 2 , 0.247214
-0.66574 , 3 , -0.216312 | -0.760845 , 2 , 0.247214 | -0.66574 , 3 , 0.216312
-0.66574 , 3 , 0.216312 | -0.760845 , 2 , 0.247214 | -0.470228 , 2 , 0.647214
-0.66574 , 3 , 0.216312 | -0.470228 , 2 , 0.647214 | -0.411449 , 3 , 0.566312
-0.411449 , 3 , 0.566312 | -0.470228 , 2 , 0.647214 | 1.39876e-007 , 2 , 0.8
-0.411449 , 3 , 0.566312 | 1.39876e-007 , 2 , 0.8 | 1.22392e-007 , 3 , 0.7
0 , 2 , 0.8 | 0 , 1 , 0.9 | 0.529007 , 1 , 0.728115
0 , 2 , 0.8 | 0.529007 , 1 , 0.728115 | 0.470228 , 2 , 0.647214
0.470228 , 2 , 0.647214 | 0.529007 , 1 , 0.728115 | 0.855951 , 1 , 0.278115
0.470228 , 2 , 0.647214 | 0.855951 , 1 , 0.278115 | 0.760845 , 2 , 0.247214
0.760845 , 2 , 0.247214 | 0.855951 , 1 , 0.278115 | 0.855951 , 1 , -0.278115
0.760845 , 2 , 0.247214 | 0.855951 , 1 , -0.278115 | 0.760845 , 2 , -0.247214
0.760845 , 2 , -0.247214 | 0.855951 , 1 , -0.278115 | 0.529007 , 1 , -0.728115
0.760845 , 2 , -0.247214 | 0.529007 , 1 , -0.728115 | 0.470228 , 2 , -0.647214
0.470228 , 2 , -0.647214 | 0.529007 , 1 , -0.728115 | -7.86805e-008 , 1 , -0.9
0.470228 , 2 , -0.647214 | -7.86805e-008 , 1 , -0.9 | -6.99382e-008 , 2 , -0.8
-6.99382e-008 , 2 , -0.8 | -7.86805e-008 , 1 , -0.9 | -0.529007 , 1 , -0.728115
-6.99382e-008 , 2 , -0.8 | -0.529007 , 1 , -0.728115 | -0.470228 , 2 , -0.647214
-0.470228 , 2 , -0.647214 | -0.529007 , 1 , -0.728115 | -0.855951 , 1 , -0.278115
-0.470228 , 2 , -0.647214 | -0.855951 , 1 , -0.278115 | -0.760845 , 2 , -0.247214
-0.760845 , 2 , -0.247214 | -0.855951 , 1 , -0.278115 | -0.855951 , 1 , 0.278115
-0.760845 , 2 , -0.247214 | -0.855951 , 1 , 0.278115 | -0.760845 , 2 , 0.247214
-0.760845 , 2 , 0.247214 | -0.855951 , 1 , 0.278115 | -0.529006 , 1 , 0.728115
-0.760845 , 2 , 0.247214 | -0.529006 , 1 , 0.728115 | -0.470228 , 2 , 0.647214
-0.470228 , 2 , 0.647214 | -0.529006 , 1 , 0.728115 | 1.57361e-007 , 1 , 0.9
-0.470228 , 2 , 0.647214 | 1.57361e-007 , 1 , 0.9 | 1.39876e-007 , 2 , 0.8
0 , 1 , 0.9 | 0 , 0 , 1 | 0.587785 , 0 , 0.809017
0 , 1 , 0.9 | 0.587785 , 0 , 0.809017 | 0.529007 , 1 , 0.728115
0 , 0 , 1 | 0 , 0 , 0 | 0.587785 , 0 , 0.809017
0.529007 , 1 , 0.728115 | 0.587785 , 0 , 0.809017 | 0.951057 , 0 , 0.309017
0.529007 , 1 , 0.728115 | 0.951057 , 0 , 0.309017 | 0.855951 , 1 , 0.278115
0.587785 , 0 , 0.809017 | 0 , 0 , 0 | 0.951057 , 0 , 0.309017
0.855951 , 1 , 0.278115 | 0.951057 , 0 , 0.309017 | 0.951056 , 0 , -0.309017
0.855951 , 1 , 0.278115 | 0.951056 , 0 , -0.309017 | 0.855951 , 1 , -0.278115
0.951057 , 0 , 0.309017 | 0 , 0 , 0 | 0.951056 , 0 , -0.309017
0.855951 , 1 , -0.278115 | 0.951056 , 0 , -0.309017 | 0.587785 , 0 , -0.809017
0.855951 , 1 , -0.278115 | 0.587785 , 0 , -0.809017 | 0.529007 , 1 , -0.728115
0.951056 , 0 , -0.309017 | 0 , 0 , 0 | 0.587785 , 0 , -0.809017
0.529007 , 1 , -0.728115 | 0.587785 , 0 , -0.809017 | -8.74228e-008 , 0 , -1
0.529007 , 1 , -0.728115 | -8.74228e-008 , 0 , -1 | -7.86805e-008 , 1 , -0.9
0.587785 , 0 , -0.809017 | 0 , 0 , 0 | -8.74228e-008 , 0 , -1
-7.86805e-008 , 1 , -0.9 | -8.74228e-008 , 0 , -1 | -0.587785 , 0 , -0.809017
-7.86805e-008 , 1 , -0.9 | -0.587785 , 0 , -0.809017 | -0.529007 , 1 , -0.728115
-8.74228e-008 , 0 , -1 | 0 , 0 , 0 | -0.587785 , 0 , -0.809017
-0.529007 , 1 , -0.728115 | -0.587785 , 0 , -0.809017 | -0.951056 , 0 , -0.309017
-0.529007 , 1 , -0.728115 | -0.951056 , 0 , -0.309017 | -0.855951 , 1 , -0.278115
-0.587785 , 0 , -0.809017 | 0 , 0 , 0 | -0.951056 , 0 , -0.309017
-0.855951 , 1 , -0.278115 | -0.951056 , 0 , -0.309017 | -0.951056 , 0 , 0.309017
-0.855951 , 1 , -0.278115 | -0.951056 , 0 , 0.309017 | -0.855951 , 1 , 0.278115
-0.951056 , 0 , -0.309017 | 0 , 0 , 0 | -0.951056 , 0 , 0.309017
-0.855951 , 1 , 0.278115 | -0.951056 , 0 , 0.309017 | -0.587785 , 0 , 0.809017
-0.855951 , 1 , 0.278115 | -0.587785 , 0 , 0.809017 | -0.529006 , 1 , 0.728115
-0.951056 , 0 , 0.309017 | 0 , 0 , 0 | -0.587785 , 0 , 0.809017
-0.529006 , 1 , 0.728115 | -0.587785 , 0 , 0.809017 | 1.74846e-007 , 0 , 1
-0.529006 , 1 , 0.728115 | 1.74846e-007 , 0 , 1 | 1.57361e-007 , 1 , 0.9
-0.587785 , 0 , 0.809017 | 0 , 0 , 0 | 1.74846e-007 , 0 , 1
